[0] 0 1296 1307 1465 1560 1579
[1] 1934 1938 1940 1941 1942 1944 1946 1948 !1949 1951 !1952 1953 1954 !1956 !1958 !1960 !1962 1963 !1965 !1967 1969 1973 1976 1979 1982
[2] 1777 !1883 !1885 1886 1887 1889 !1890 1891
[3] 148 !832 !1059 !1061 1069 1088 1092 1096 1103 1109 1113 !1118 1121 1128 1134 1137 !1159 1163 !1168 1180 1184 1188 1209 !1222 !1228 1254
[4] 1050 1057 1065 1071 1143 1194
[5] 351 2121
[6] 463 466 470 472 473 476 478 480 484 485 !489 491 !494 !497 !501 503 !505 507 !510 !514 515 !519 524 526 !529 533 535 539 !544 546 549 552 554 556 560 563 565 569 !572 575 578 581 585 587
[7] 238 !520
[8] 1406 1408
[9] 605 679 708
[10] 240 1947 1950 1975
[11] 98 1943 1945 1978 1981
[12] 892 1007
[13] 621 801 1363 1410 1414 1431 1437 1453 1455 1457 !1460 1464 !1466 1468 1472 !1479 1482 1484 1491 1493 !1502 1506 1509 1513 1516 1525 1528 1532 1534 1538 1540 1555 1558 1562 1574 1578 !1580 1584 1588 1597 1601 1604
[14] 1635 !1806
[15] 1564 1572
[16] 268 !1684
[17] 2054 !2056 2057 !2060
[18] 118 2144
[19] 229 1056
[20] 101 1361
[21] 460 488 492 495 498 508 513 517 527 542 570 783
[22] 299 !1497
[23] 1280 2058
[24] 853 871 875
[25] 327 861 868
[26] 680 695
[27] 55 1852
[28] 183 459 1266
[29] 11 14 24 86 125 153 272 291 320 1798 1803 1814 1817 1823 1829 1832 1871
[30] 159 231
[31] 2128 !2129 !2131 !2133 2135 2136 2137 !2140 2142
[32] 815 !1013 1023 1030 1035
[33] 1704 !1705 !1706 !1707 1708 1709 !1711 !1713 1714 !1716
[34] 28 32 39 257 1987
[35] 2030 !2032 !2034
[36] 49 81 266
[37] 567 582
[38] 1495 1543
[39] 846 848 !851 !855 857 !860 !863 865 !866 !870 !873 !877 879 881 883 885 !888 890 891 894 896 899 902 !905 !908 2151
[40] 1012 1014 !1016 !1018 !1021 1024 1027 1031 1036 1039 1042 !1045 1047 !1048 1049 1051 1054 1058
[41] 1905 2175
[42] 599 2119
[43] 522 1349
[44] 2156 2163
[45] 1896 1903
[46] 7 10 12 15 18 20 22 23 25 27 29 31 33 36 38 40 43 46 50 53 54 57 60 63 64 67 69 72 75 78 80 82 84 85 87 90 92 94 97 99 102 104 107 109 110 111 114 117 120 121 123 126 128 131 133 134 137 138 141 143 144 146 147 150 152 154 157 160 161 162 165 168 171 173 174 178 181 182 185 186 187 188 189 190 192 193 194 195 196 199 202 205 207 208 209 210 212 214 217 219 220 222 224 227 230 232 234 235 237 239 241 244 245 246 248 250 252 253 254 255 256 258 260 261 262 264 265 267 269 270 271 273 276 278 280 281 283 285 287 288 289 290 292 293 294 296 298 300 301 302 304 306 308 310 312 315 318 321 1841
[47] 58 1276 1971 2026
[48] 2017 !2018 !2019 2021 2022 !2023 2024 2027 !2028 2042
[49] 1917 1918 !1921 !1924 1926 1929 !1931 !1933 !1935 !1936
[50] 638 685 735
[51] 1787 1794
[52] 132 588 589 591 !592 !593 595 596 597 601 603 604 607 609 611 613 614 616 618 620 623 625 627 628 630 632 635 636 637 639 641 !642 645 !646 !647 648 649 650 653 654 656 658 659 661 663 665 667 669 672 674 676 678 681 684 686 688 691 693 694 696 698 700 701 703 706 707 709 710 711 713 715 717 718 720 !721 724 726 729 731 736 737 739 741 744 747 750 751 752 754 756 758 760 762 !763 767 770 772 773 775 !776 777 779 782 !784 787
[53] 768 1377 1403 1411 1415 1417 1419 1420 1422 1424 1426 1428 1430 1432 !1435 1438 1440 1442 !1444 1446 1448 1450 1452 1454 1456 1458 1461 1463 1467 1469 !1470 1473 1475 1477 1480 !1481 1483 1485 1487 !1489 1492 1494 1496 1500 1503 1505 1507 1510 1512 1514 1517 1520 !1522 1526 !1527 1529 !1530 !1531 1533 1535 1537 1539 1541 1542 1544 !1545 !1547 1550 1552 1556 1559 1563 1565 1566 !1567 !1568 !1571 1573 1575 1577 1581 1583 1585 !1586 1587 1589 1590 !1591 !1592 1595 1598 1602 1605
[54] 1717 1718 1720
[55] 9 297 954 1977 1980
[56] 8 59 213 335 353 361 383 386 394 410 413 432 1831 1972 1974 2062 2066
[57] 1022 1373
[58] 435 454
[59] 142 !2053
[60] 651 2123
[61] 1344 1353
[62] 1515 !1686
[63] 1365 1367 1383
[64] 19 21 30 77 79 251 286 322 323 324 326 328 330 331 333 336 338 341 343 346 347 349 350 352 354 357 360 362 365 366 369 372 374 375 376 379 381 384 387 389 391 393 395 396 397 398 400 401 403 405 406 407 409 411 414 416 418 419 420 421 422 424 426 429 431 433 436 438 440 441 444 445 447 448 449 450 452 453 455 458 !461
[65] 65 930 1300 2041
[66] 742 !780 2145 !2149
[67] 631 702
[68] 550 937 1433
[69] 402 748 !835
[70] 1731 1732 1734 1736 1737 1741
[71] 719 !889
[72] 704 1451 1476
[73] 130 443
[74] 1124 1624
[75] 634 757
[76] 743 781
[77] 1837 !1840 1843
[78] 1666 !1719 1821
[79] 1149 1219
[80] 1153 1176
[81] 176 486 499
[82] 1037 1046 1081 1122 1138 1205
[83] 1250 2173
[84] 910 911 !912 914 915 917 !918 919 921 !922 923 !924 925 927 928 929 933
[85] 216 !434
[86] 1613 1893 1908
[87] 226 !1726 !2065 !2069
[88] 1413 !1554
[89] 2155 2162
[90] 790 1026 1060 1062 1063 !1064 1066 1067 1070 1072 !1073 1076 1079 1080 1082 !1085 1086 1089 1093 1095 1097 !1100 !1102 1104 !1105 1106 1108 1110 1112 1114 !1116 1119 !1120 1123 1125 1126 1130 1132 1133 1135 !1136 1139 !1140 !1142 1144 !1147 1150 !1151 1154 1155 !1157 !1158 1160 1164 1165 1167 1169 1170 1174 1177 1178 1181 !1182 1185 1189 1191 !1192 1195 1196 1198 1200 !1201 !1203 1204 1206 1210 !1211 1214 !1216 1217 1218 1220 1223 1225 !1226 1229 1231 1233 1235 1237 1240 1243 !1245 1248 1251 1253 1255
[91] 1955 1964
[92] 1436 1569
[93] 540 1651
[94] 812 1152 1175
[95] 523 !1342 1346 1350 1355 !1358
[96] 1745 1748 1961
[97] 16 211 284 345 348 368 371 380 437
[98] 2043 2045 2047 2048
[99] 215 2005
[100] 319 1029 1033 1208
[101] 52 1277 !1412
[102] 1655 1658 1660 1663 1665 1667 1669 1671 1673 1675 1677 1680
[103] 901 !2150
[104] 145 967 !995
[105] 490 626 655 714 730 849 852 859 867 874 887 904 907 1443 1521
[106] 1291 1324
[107] 166 2063 2068
[108] 1733 !1735
[109] 105 1173 1221 1295 1301 1304 1306 1312 1318 1328 1331 1339 1524 1603
[110] 344 1303 !1327 !1970
[111] 91 580 1019 1044 1146 1202
[112] 856 !934 935 936 940 944 945 !948 !949 952 953 !956 959 963 964 965 !966 968 970 971 972 976 !977 !978 980 983 985 988 990 !994 996 !998 999 !1001 1002 1005 1008 1009 1011
[113] 1459 1478 1501
[114] 1256 1257 !1258 1259 !1260 1261 1262 1264
[115] 70 307 530
[116] 2070 2073 2076 2077 !2080 2081 2084 !2087
[117] 1343 1347 1351 1352 1356 1359
[118] 806 1025 1148
[119] 610 1488
[120] 1986 !1997 1998 !1999 !2000 2002 !2004 !2006 2007 2009 !2011 2012
[121] 47 946 1808 1813 1825 1834
[122] 2079 2085
[123] 1385 1386 1387 1391 1392 1393 1397 1399 1401 !1402 1404
[124] 1606 1754
[125] 427 !897
[126] 568 584
[127] 1416 1421 1423 1425 1429 1441 1445 1447 1449 1474 1486 1504 1511 1551 1576 1582
[128] 562 602 2139
[129] 140 295
[130] 1345 1354
[131] 1642 !1644 !1646 !1648 !1652
[132] 225 1995 !2055 !2059
[133] 468 547 986
[134] 1499 1594
[135] 1743 1744 !1746 1747 !1749 1750
[136] 878 !941 !962 !982 !987 989 1010
[137] 223 482 516 947 1000
[138] 608 774 2105 2138
[139] 88 961 1171 1227 1508 1557 !1561 1596 2010
[140] 566 583
[141] 2169 !2172 !2174 !2176
[142] 355 382 !385 !764 !796 802 807 1090 1162 1186 1409 !1523 !2061 !2146
[143] 61 1855 !1858
[144] 1627 1643 1645 1872
[145] 415 749
[146] 1615 1619 1622
[147] 1681 !1683 !1685 !1688 !1690 !1692 1693 !1695
[148] 1268 !1270 1274 1278
[149] 233 1650
[150] 1985 1988 1989
[151] 1360 1371
[152] 135 788 1625 2120 2148
[153] 1721 1724 1727
[154] 2106 2107 !2108 !2110 !2112 !2113 2114 !2115 2117 !2118 !2122 !2126
[155] 1362 1366 1368 1370 1372 1374 1376 1378 !1381 1384
[156] 2093 2095
[157] 1920 1923
[158] 388 !390
[159] 1845 2001
[160] 462 !464
[161] 93 785
[162] 521 1348
[163] 1640 1641
[164] 1782 !1783 !1784 !1785 1786 !1788 1790 1792 1793 !1795 1797 !1799 1800 1801 !1802 !1804 1805 1807 !1809 1810 1812 !1815 1816 !1818 1820 1822 !1824 !1826 1828 !1830 !1833 !1835
[165] 2157 2160 2164
[166] 2031 !2035 !2036 !2037
[167] 882 895
[168] 73 !1791 1796 1811 1819
[169] 465 471 477 506 !548 564
[170] 13 108 221
[171] 184 1272
[172] 850 854 858 862 869 872 876 886 903 906 993 1015 1017 1020 1043 1101 1115 1612
[173] 100 1028 1034 1087 1091 1161 1179 1187 1888
[174] 909 913 916 !932 !2154 !2161
[175] 2092 2094
[176] 1842 !1844 1847 !1849 !1850 !1851 !1853 !1857 !1859 !1861 !1863 1864 !1865
[177] 1281 !1293
[178] 573 931 !1553
[179] 1636 !1639
[180] 5 119 172 263 340 356 359 364 439 457 617 644 705 766 771 789 791 792 794 795 797 798 799 800 803 805 808 809 811 814 1141 1244 2124 2147
[181] 561 1038 !1405 !1407 !1880
[182] 537 !778
[183] 1265 1267 1269 1271 1273 1275 1279
[184] 156 !1083
[185] 2016 2040
[186] 408 2051
[187] 1341 1357 1390 1396 !1398
[188] 1911 !1912 !1913 !1914 1915
[189] 590 594 598 1599
[190] 1848 1862
[191] 823 825 828 !830 !833 !836 838 842
[192] 309 !558 600 606 640 657 660 662 !716 728 753 755 769
[193] 2098 !2099
[194] 1870 !1873 1875 1876 !1877 !1878 !1879 !1882
[195] 1249 !1836
[196] 1697 1699 1701 1703
[197] 536 2111
[198] 113 430 991
[199] 456 643 !810 943 !1234 1252 1297 1308 !2143
[200] 1789 !1827
[201] 1765 1881 1892 1894 1895 !1897 1898 1900 !1902 !1904 !1906 !1907 1909
[202] 41 579 612 727 734 1471 1490 !1600
[203] 334 !545 615 652 664 666 668 671 673 !677 725 738 746 786
[204] 6 151 303 1032 1068 1207
[205] 363 939 951 958 !979 1172 1224 1236 1239
[206] 337 1094 !1111 1282 1284 1285 1287 !1288 1290 1292 1294 1298 1299 1302 1305 1309 1311 1313 1315 1317 1319 1320 1322 1325 1326 1329 !1330 1332 1334 1337 1340
[207] 1689 !1691
[208] 1991 !1992 1994
[209] 2020 2025
[210] 2102 !2104
[211] 1752 1753 1756 !1758 1759 !1761 !1762 1764 !1766 1768 1770 !1771 !1772 !1773 !1774 1776 !1778 !1780 !1781
[212] 1712 1715 1728
[213] 692 !712
[214] 479 534 !551 553 555 559
[215] 76 765
[216] 149 1129
[217] 228 !525 1098 1145
[218] 1369 1375
[219] 1919 !1922
[220] 481 633
[221] 34 1006
[222] 2088 2096
[223] 619 !761
[224] 1075 1190
[225] 1631 1637 1738 1751 1755 1763 1767 1769 1775 1874 1899
[226] 893 1434
[227] 1757 1760
[228] 670 2109 2125 2127 2134 2141
[229] 487 493 496 500 504 509 512 518 528 543 571
[230] 17 26 37 201 206 236 557 955 997 1084 1099 1156 1193 1215
[231] 170 204 259
[232] 446 1678 1725 2064 2067
[233] 2177 2180
[234] 818 819 820 821 822 824 826 829 831 834 837 839 841 843 844 !845
[235] 898 920
[236] 682 689
[237] 840 2091
[238] 1629 2170
[239] 1283 1289 1310 1314
[240] 817 950 957 1238
[241] 1078 !1131 1616 !1617 1620 1623 !1626 !1628 !1630 1632 !1633
[242] 1197 1213
[243] 2078 2086
[244] 106 1338
[245] 2050 2052
[246] 1498 1593
[247] 1570 2038
[248] 112 960 981
[249] 622 1439 1462



[0] 0 1296 1307 1465 1560 1579
[1] 1697 1699 1701 1703
[2] 1606 1754
[3] 101 1361
[4] 225 1995 !2055 !2059
[5] 176 486 499
[6] 568 584
[7] 1636 !1639
[8] 1609 1939
[9] 34 1006
[10] 1752 1753 1756 !1758 1759 !1761 !1762 1764 !1766 1768 1770 !1771 !1772 !1773 !1774 1776 !1778 !1780 !1781
[11] 1498 1593
[12] 1570 2038
[13] 1249 !1836
[14] 878 !941 !962 !982 !987 989 1010
[15] 1250 2173
[16] 680 695
[17] 132 588 589 591 !592 !593 595 596 597 601 603 604 607 609 611 613 614 616 618 620 623 625 627 628 630 632 635 636 637 639 641 !642 645 !646 !647 648 649 650 653 654 656 658 659 661 663 665 667 669 672 674 676 678 681 684 686 688 691 693 694 696 698 700 701 703 706 707 709 710 711 713 715 717 718 720 !721 724 726 729 731 736 737 739 741 744 747 750 751 752 754 756 758 760 762 !763 767 770 772 773 775 !776 777 779 782 !784 787
[18] 1986 !1997 1998 !1999 !2000 2002 !2004 !2006 2007 2009 !2011 2012
[19] 1515 !1686
[20] 599 2119
[21] 622 1439 1462
[22] 521 1348
[23] 490 626 655 714 730 849 852 859 867 874 887 904 907 1443 1521
[24] 1782 !1783 !1784 !1785 1786 !1788 1790 1792 1793 !1795 1797 !1799 1800 1801 !1802 !1804 1805 1807 !1809 1810 1812 !1815 1816 !1818 1820 1822 !1824 !1826 1828 !1830 !1833 !1835
[25] 106 1338
[26] 1280 2058
[27] 299 !1497
[28] 28 32 39 257 1987
[29] 13 108 221
[30] 1197 1213
[31] 2043 2045 2047 2048
[32] 148 !832 !1059 !1061 1069 1088 1092 1096 1103 1109 1113 !1118 1121 1128 1134 1137 !1159 1163 !1168 1180 1184 1188 1209 !1222 !1228 1254
[33] 19 21 30 77 79 251 286 322 323 324 326 328 330 331 333 336 338 341 343 346 347 349 350 352 354 357 360 362 365 366 369 372 374 375 376 379 381 384 387 389 391 393 395 396 397 398 400 401 403 405 406 407 409 411 414 416 418 419 420 421 422 424 426 429 431 433 436 438 440 441 444 445 447 448 449 450 452 453 455 458 !461
[34] 1991 !1992 1994
[35] 1787 1794
[36] 88 961 1171 1227 1508 1557 !1561 1596 2010
[37] 344 1303 !1327 !1970
[38] 2092 2094
[39] 901 !2150
[40] 118 2144
[41] 743 781
[42] 198 442
[43] 892 1007
[44] 355 382 !385 !764 !796 802 807 1090 1162 1186 1409 !1523 !2061 !2146
[45] 1385 1386 1387 1391 1392 1393 1397 1399 1401 !1402 1404
[46] 1917 1918 !1921 !1924 1926 1929 !1931 !1933 !1935 !1936
[47] 339 1077
[48] 1360 1371
[49] 1345 1354
[50] 1905 2175
[51] 166 2063 2068
[52] 229 1056
[53] 7 10 12 15 18 20 22 23 25 27 29 31 33 36 38 40 43 46 50 53 54 57 60 63 64 67 69 72 75 78 80 82 84 85 87 90 92 94 97 99 102 104 107 109 110 111 114 117 120 121 123 126 128 131 133 134 137 138 141 143 144 146 147 150 152 154 157 160 161 162 165 168 171 173 174 178 181 182 185 186 187 188 189 190 192 193 194 195 196 199 202 205 207 208 209 210 212 214 217 219 220 222 224 227 230 232 234 235 237 239 241 244 245 246 248 250 252 253 254 255 256 258 260 261 262 264 265 267 269 270 271 273 276 278 280 281 283 285 287 288 289 290 292 293 294 296 298 300 301 302 304 306 308 310 312 315 318 321 1841
[54] 11 14 24 86 125 153 272 291 320 1798 1803 1814 1817 1823 1829 1832 1871
[55] 1629 2170
[56] 2106 2107 !2108 !2110 !2112 !2113 2114 !2115 2117 !2118 !2122 !2126
[57] 1413 !1554
[58] 149 1129
[59] 233 1650
[60] 631 702
[61] 240 1947 1950 1975
[62] 1075 1190
[63] 523 !1342 1346 1350 1355 !1358
[64] 576 1742
[65] 682 689
[66] 1362 1366 1368 1370 1372 1374 1376 1378 !1381 1384
[67] 2169 !2172 !2174 !2176
[68] 1291 1324
[69] 562 602 2139
[70] 1654 1682
[71] 1721 1724 1727
[72] 61 1855 !1858
[73] 35 2044
[74] 1012 1014 !1016 !1018 !1021 1024 1027 1031 1036 1039 1042 !1045 1047 !1048 1049 1051 1054 1058
[75] 1640 1641
[76] 1343 1347 1351 1352 1356 1359
[77] 156 !1083
[78] 850 854 858 862 869 872 876 886 903 906 993 1015 1017 1020 1043 1101 1115 1612
[79] 567 582
[80] 1615 1619 1622
[81] 2177 2180
[82] 1153 1176
[83] 815 !1013 1023 1030 1035
[84] 465 471 477 506 !548 564
[85] 1256 1257 !1258 1259 !1260 1261 1262 1264
[86] 1078 !1131 1616 !1617 1620 1623 !1626 !1628 !1630 1632 !1633
[87] 1050 1057 1065 1071 1143 1194
[88] 882 895
[89] 634 757
[90] 142 !2053
[91] 93 785
[92] 1459 1478 1501
[93] 1344 1353
[94] 1369 1375
[95] 1896 1903
[96] 2079 2085
[97] 846 848 !851 !855 857 !860 !863 865 !866 !870 !873 !877 879 881 883 885 !888 890 891 894 896 899 902 !905 !908 2151
[98] 159 231
[99] 98 1943 1945 1978 1981
[100] 58 1276 1971 2026
[101] 9 297 954 1977 1980
[102] 719 !889
[103] 73 !1791 1796 1811 1819
[104] 1937 2074
[105] 65 930 1300 2041
[106] 2030 !2032 !2034
[107] 1022 1373
[108] 16 211 284 345 348 368 371 380 437
[109] 1919 !1922
[110] 1247 1286
[111] 898 920
[112] 216 !434
[113] 2017 !2018 !2019 2021 2022 !2023 2024 2027 !2028 2042
[114] 1712 1715 1728
[115] 446 1678 1725 2064 2067
[116] 388 !390
[117] 909 913 916 !932 !2154 !2161
[118] 619 !761
[119] 2157 2160 2164
[120] 768 1377 1403 1411 1415 1417 1419 1420 1422 1424 1426 1428 1430 1432 !1435 1438 1440 1442 !1444 1446 1448 1450 1452 1454 1456 1458 1461 1463 1467 1469 !1470 1473 1475 1477 1480 !1481 1483 1485 1487 !1489 1492 1494 1496 1500 1503 1505 1507 1510 1512 1514 1517 1520 !1522 1526 !1527 1529 !1530 !1531 1533 1535 1537 1539 1541 1542 1544 !1545 !1547 1550 1552 1556 1559 1563 1565 1566 !1567 !1568 !1571 1573 1575 1577 1581 1583 1585 !1586 1587 1589 1590 !1591 !1592 1595 1598 1602 1605
[121] 566 583
[122] 1627 1643 1645 1872
[123] 2031 !2035 !2036 !2037
[124] 522 1349
[125] 2098 !2099
[126] 135 788 1625 2120 2148
[127] 17 26 37 201 206 236 557 955 997 1084 1099 1156 1193 1215
[128] 268 !1684
[129] 249 277
[130] 55 1852
[131] 590 594 598 1599
[132] 537 !778
[133] 100 1028 1034 1087 1091 1161 1179 1187 1888
[134] 1265 1267 1269 1271 1273 1275 1279
[135] 334 !545 615 652 664 666 668 671 673 !677 725 738 746 786
[136] 435 454
[137] 238 !520
[138] 856 !934 935 936 940 944 945 !948 !949 952 953 !956 959 963 964 965 !966 968 970 971 972 976 !977 !978 980 983 985 988 990 !994 996 !998 999 !1001 1002 1005 1008 1009 1011
[139] 573 931 !1553
[140] 116 155
[141] 351 2121
[142] 130 443
[143] 2155 2162
[144] 910 911 !912 914 915 917 !918 919 921 !922 923 !924 925 927 928 929 933
[145] 8 59 213 335 353 361 383 386 394 410 413 432 1831 1972 1974 2062 2066
[146] 1789 !1827
[147] 462 !464
[148] 103 1074
[149] 2156 2163
[150] 1666 !1719 1821
[151] 1757 1760
[152] 52 1277 !1412
[153] 651 2123
[154] 540 1651
[155] 823 825 828 !830 !833 !836 838 842
[156] 1241 1854
[157] 1268 !1270 1274 1278
[158] 2029 2166
[159] 226 !1726 !2065 !2069
[160] 49 81 266
[161] 402 748 !835
[162] 704 1451 1476
[163] 415 749
[164] 692 !712
[165] 370 404
[166] 742 !780 2145 !2149
[167] 1743 1744 !1746 1747 !1749 1750
[168] 1765 1881 1892 1894 1895 !1897 1898 1900 !1902 !1904 !1906 !1907 1909
[169] 561 1038 !1405 !1407 !1880
[170] 417 1323
[171] 1920 1923
[172] 1365 1367 1383
[173] 247 475
[174] 228 !525 1098 1145
[175] 2088 2096
[176] 1499 1594
[177] 1837 !1840 1843
[178] 170 204 259
[179] 1124 1624
[180] 6 151 303 1032 1068 1207
[181] 1416 1421 1423 1425 1429 1441 1445 1447 1449 1474 1486 1504 1511 1551 1576 1582
[182] 2128 !2129 !2131 !2133 2135 2136 2137 !2140 2142
[183] 1655 1658 1660 1663 1665 1667 1669 1671 1673 1675 1677 1680
[184] 1676 1710
[185] 481 633
[186] 479 534 !551 553 555 559
[187] 840 2091
[188] 1689 !1691
[189] 41 579 612 727 734 1471 1490 !1600
[190] 806 1025 1148
[191] 1621 2130
[192] 1341 1357 1390 1396 !1398
[193] 47 946 1808 1813 1825 1834
[194] 1681 !1683 !1685 !1688 !1690 !1692 1693 !1695
[195] 112 960 981
[196] 2102 !2104
[197] 215 2005
[198] 2093 2095
[199] 1842 !1844 1847 !1849 !1850 !1851 !1853 !1857 !1859 !1861 !1863 1864 !1865
[200] 468 547 986
[201] 2016 2040
[202] 536 2111
[203] 1436 1569
[204] 460 488 492 495 498 508 513 517 527 542 570 783
[205] 2020 2025
[206] 1985 1988 1989
[207] 605 679 708
[208] 1731 1732 1734 1736 1737 1741
[209] 319 1029 1033 1208
[210] 2054 !2056 2057 !2060
[211] 427 !897
[212] 91 580 1019 1044 1146 1202
[213] 812 1152 1175
[214] 1934 1938 1940 1941 1942 1944 1946 1948 !1949 1951 !1952 1953 1954 !1956 !1958 !1960 !1962 1963 !1965 !1967 1969 1973 1976 1979 1982
[215] 1733 !1735
[216] 1613 1893 1908
[217] 638 685 735
[218] 76 765
[219] 1631 1637 1738 1751 1755 1763 1767 1769 1775 1874 1899
[220] 670 2109 2125 2127 2134 2141
[221] 223 482 516 947 1000
[222] 1911 !1912 !1913 !1914 1915
[223] 1717 1718 1720
[224] 140 295
[225] 408 2051
[226] 1495 1543
[227] 5 119 172 263 340 356 359 364 439 457 617 644 705 766 771 789 791 792 794 795 797 798 799 800 803 805 808 809 811 814 1141 1244 2124 2147
[228] 1564 1572
[229] 105 1173 1221 1295 1301 1304 1306 1312 1318 1328 1331 1339 1524 1603
[230] 113 430 991
[231] 621 801 1363 1410 1414 1431 1437 1453 1455 1457 !1460 1464 !1466 1468 1472 !1479 1482 1484 1491 1493 !1502 1506 1509 1513 1516 1525 1528 1532 1534 1538 1540 1555 1558 1562 1574 1578 !1580 1584 1588 1597 1601 1604
[232] 1406 1408
[233] 610 1488
[234] 853 871 875
[235] 327 861 868
[236] 1149 1219
[237] 456 643 !810 943 !1234 1252 1297 1308 !2143
[238] 2070 2073 2076 2077 !2080 2081 2084 !2087
[239] 1642 !1644 !1646 !1648 !1652
[240] 1281 !1293
[241] 818 819 820 821 822 824 826 829 831 834 837 839 841 843 844 !845
[242] 309 !558 600 606 640 657 660 662 !716 728 753 755 769
[243] 184 1272
[244] 145 967 !995
[245] 183 459 1266
[246] 608 774 2105 2138
[247] 337 1094 !1111 1282 1284 1285 1287 !1288 1290 1292 1294 1298 1299 1302 1305 1309 1311 1313 1315 1317 1319 1320 1322 1325 1326 1329 !1330 1332 1334 1337 1340
[248] 363 939 951 958 !979 1172 1224 1236 1239
[249] 790 1026 1060 1062 1063 !1064 1066 1067 1070 1072 !1073 1076 1079 1080 1082 !1085 1086 1089 1093 1095 1097 !1100 !1102 1104 !1105 1106 1108 1110 1112 1114 !1116 1119 !1120 1123 1125 1126 1130 1132 1133 1135 !1136 1139 !1140 !1142 1144 !1147 1150 !1151 1154 1155 !1157 !1158 1160 1164 1165 1167 1169 1170 1174 1177 1178 1181 !1182 1185 1189 1191 !1192 1195 1196 1198 1200 !1201 !1203 1204 1206 1210 !1211 1214 !1216 1217 1218 1220 1223 1225 !1226 1229 1231 1233 1235 1237 1240 1243 !1245 1248 1251 1253 1255
[250] 1848 1862
[251] 1955 1964
[252] 893 1434
[253] 1845 2001
[254] 2050 2052
[255] 1704 !1705 !1706 !1707 1708 1709 !1711 !1713 1714 !1716
[256] 1870 !1873 1875 1876 !1877 !1878 !1879 !1882
[257] 1037 1046 1081 1122 1138 1205
[258] 817 950 957 1238
[259] 1283 1289 1310 1314
[260] 463 466 470 472 473 476 478 480 484 485 !489 491 !494 !497 !501 503 !505 507 !510 !514 515 !519 524 526 !529 533 535 539 !544 546 549 552 554 556 560 563 565 569 !572 575 578 581 585 587
[261] 1635 !1806
[262] 1777 !1883 !1885 1886 1887 1889 !1890 1891
[263] 487 493 496 500 504 509 512 518 528 543 571
[264] 2078 2086
[265] 550 937 1433
[266] 70 307 530
[267] 1745 1748 1961
[268] 282 2072

