[0] 524 120
[1] 551 !111
[2] 714 363
[3] 587 !265
[4] 442 !109
[5] 659 !660
[6] 526 138
[7] 655 !656
[8] 607 286
[9] 529 !260
[10] 778 !779
[11] 451 !140
[12] 782 !783
[13] 478 !134
[14] 687 414
[15] 568 270
[16] 693 373
[17] 649 !259
[18] 743 !744
[19] 487 !104
[20] 631 !258
[21] 788 393
[22] 610 279
[23] 567 271
[24] 688 267
[25] 692 825
[26] 608 272
[27] 650 266
[28] 463 !466
[29] 523 !105
[30] 311 348
[31] 572 !145
[32] 795 329
[33] 560 !112
[34] 682 377
[35] 605 !264
[36] 747 !748
[37] 566 !263
[38] 613 289
[39] 663 !664
[40] 525 121
[41] 735 !736
[42] 514 !102
[43] 722 !359
[44] 609 273
[45] 457 !262
[46] 718 !719
[47] 710 !711
[48] 612 287
[49] 705 !706
[50] 785 786
[51] 750 751
[52] 886 !887
[53] 666 810


[0] 338 877
[1] 111 !551
[2] 104 !487
[3] 260 !529
[4] 259 !649
[5] 138 526
[6] 279 610
[7] 140 !451
[8] 463 !466
[9] 286 607
[10] 289 613
[11] 105 !523
[12] 121 525
[13] 273 609
[14] 112 !560
[15] 145 !572
[16] 265 !587
[17] 109 !442
[18] 134 !478
[19] 266 650
[20] 262 !457
[21] 287 612
[22] 263 !566
[23] 272 608
[24] 271 567
[25] 264 !605
[26] 258 !631
[27] 102 !514
[28] 120 524
[29] 270 568
[30] 267 688

